name: songref
channels:
  - conda-forge
dependencies:
  - bzip2=1.0.8
  - ca-certificates=2026.5.20
  - colorama=0.4.6
  - joblib=1.5.3
  - libblas=3.11.0
  - libcblas=3.11.0
  - libexpat=2.8.1
  - libffi=3.5.2
  - libhwloc=2.13.0
  - libiconv=1.18
  - liblapack=3.11.0
  - liblzma=5.8.3
  - libopenblas=0.3.33
  - libsqlite=3.53.2
  - libwinpthread=12.0.0.r4.gg4f2fc60ca
  - libxml2=2.15.3
  - libxml2-16=2.15.3
  - libzlib=1.3.2
  - llvmlite=0.47.0
  - narwhals=2.22.1
  - numba=0.65.1
  - numpy=2.4.6
  - openssl=3.6.3
  - packaging=26.2
  - pip=26.1.2
  - pynndescent=0.5.13
  - python=3.11.15
  - python_abi=3.11
  - pyyaml=6.0.3
  - scikit-learn=1.9.0
  - setuptools=82.0.1
  - tbb=2023.0.0
  - threadpoolctl=3.6.0
  - tk=8.6.13
  - tqdm=4.68.2
  - tzdata=2025c
  - ucrt=10.0.26100.0
  - umap-learn=0.5.12
  - vc=14.5
  - vc14_runtime=14.51.36231
  - vcomp14=14.51.36231
  - wheel=0.47.0
  - yaml=0.2.5
  - zstd=1.5.7
  - pip:
      - scipy==1.17.1
